$ANSIBLE_VAULT;1.1;AES256
33663331366162306231303539323161306366386538626133393932356335363634323633353937
3130353965363434356662373838366537363937643162660a636234613137643466366533663339
63653165386139626661636363366537393730353862323730643539383133363931346230393936
6432663261303363610a623565643331663838663736356465323961316136623263316539346633
63306434336430396237336637343739363866353236346164356464333265633538656161363832
38393866346636336239326434666264626630333732656234383137323634653636316630336536
32646131666338363731393232663539353639393636383339353266393661343932663931353035
39353838363962633865336330666564373931343761343962636336356461636563643465616137
30303039306234306534633531663330653466303262303330633239663666366634613236313633
64333330306130636165383561633838653764633838656334333761393236636666326162356466
643865323234323361363132323263343463
